$ 1 0.000005 10.20027730826997 50 5 50 5e-11
409 784 336 880 336 3 0.6 0 0.023100000000000002 2
409 784 528 880 528 3 0.6 0 0.023100000000000002 2
r 880 272 960 272 0 20000
r 880 272 784 272 0 1500000
R 992 240 992 208 0 0 40 10 0 0 0.5
w 880 336 880 272 0
w 960 272 992 272 0
w 992 240 992 272 0
w 784 272 752 272 0
w 752 272 752 320 0
w 752 320 784 320 0
g 832 384 832 400 0 0
g 832 576 832 592 0 0
r 880 464 784 464 0 1500000
r 880 464 960 464 0 20000
w 880 528 880 464 0
w 784 464 752 464 0
w 752 464 752 512 0
w 752 512 784 512 0
w 752 320 720 320 0
w 720 320 720 544 0
w 720 544 784 544 0
w 960 464 992 464 0
w 992 464 992 272 0
w 832 496 960 496 0
w 960 496 960 464 0
w 832 304 960 304 0
w 960 304 960 272 0
w 832 576 832 560 0
w 832 384 832 368 0
R 656 192 656 160 0 0 40 12 0 0 0.5
r 656 208 656 288 0 22000
w 784 352 656 352 0
w 656 208 656 192 0
r 608 512 704 512 0 5600
w 704 512 752 512 0
w 608 512 576 512 0
r 576 480 576 384 0 5600
r 576 544 576 640 0 1800
w 576 384 576 352 0
w 576 352 656 352 0
w 576 480 576 512 0
w 576 512 576 544 0
c 720 544 720 640 0 1e-8 3.416625422405674 0.001
c 496 400 496 624 0 1e-8 3.0205987458882233 0.001
w 496 400 496 352 0
w 496 352 576 352 0
w 496 624 496 640 0
w 496 640 576 640 0
w 576 640 720 640 0
g 720 656 720 672 0 0
w 720 640 720 656 0
w 656 288 656 352 0
g 416 416 416 432 0 0
r 416 320 416 400 0 15000
w 416 416 416 400 0
w 416 320 720 320 0
R 416 240 416 160 0 0 40 3.6454000000000004 0 0 0.5
r 416 240 416 320 0 1000
g 1056 656 1056 672 0 0
162 880 528 1056 528 2 default-led 1 0 0 0.01
162 880 336 1056 336 2 default-led 1 0 0 0.01
w 1056 656 1056 528 0
w 1056 528 1056 336 0
38 57 F1 0 0.06 4 -1 Detector\sV
